<?xml version="1.0"?>
<opencv_storage>
<distortion type_id="opencv-matrix">
  <rows>1</rows>
  <cols>4</cols>
  <dt>f</dt>
  <data>
    2.2242882847785950e-01 -6.0296076536178589e-01 -4.7595598734915257e-03 -2.3939309176057577e-03</data></distortion>
</opencv_storage>
