<?xml version="1.0"?>
<opencv_storage>
<intrinsic type_id="opencv-matrix">
  <rows>3</rows>
  <cols>3</cols>
  <dt>f</dt>
  <data>
    6.57591187e+002 0. 3.16504272e+002 0. 6.60952637e+002
    2.27605789e+002 0. 0. 1.   3.9381015014648438e+02 0.0000000000000000e+00 1.6185229492187500e+02 0.0000000000000000e+00 3.9272482299804688e+02 1.0961216735839844e+02 0.0000000000000000e+00 0.0000000000000000e+00 1.0000000000000000e+00</data></intrinsic>
</opencv_storage>
